#plotCorrelation --outFileCorMatrix
	'Lin-KO4_1-B'	'Lin-KO4_2-B'	'Lin-KO4_3-B'	'Lin-KO5_1-C'	'Lin-KO5_2-C'	'Lin-KO5_3-C'	'Lin-WT_1-A'	'Lin-WT_2-A'	'Lin-WT_3-A'
'Lin-KO4_1-B'	1.0000	0.9995	0.9997	0.9740	0.9810	0.9730	0.9013	0.9011	0.9020
'Lin-KO4_2-B'	0.9995	1.0000	0.9997	0.9724	0.9809	0.9707	0.9081	0.9079	0.9092
'Lin-KO4_3-B'	0.9997	0.9997	1.0000	0.9733	0.9807	0.9706	0.9024	0.9028	0.9038
'Lin-KO5_1-C'	0.9740	0.9724	0.9733	1.0000	0.9969	0.9952	0.9002	0.9025	0.9000
'Lin-KO5_2-C'	0.9810	0.9809	0.9807	0.9969	1.0000	0.9925	0.9148	0.9161	0.9155
'Lin-KO5_3-C'	0.9730	0.9707	0.9706	0.9952	0.9925	1.0000	0.8966	0.8949	0.8924
'Lin-WT_1-A'	0.9013	0.9081	0.9024	0.9002	0.9148	0.8966	1.0000	0.9988	0.9988
'Lin-WT_2-A'	0.9011	0.9079	0.9028	0.9025	0.9161	0.8949	0.9988	1.0000	0.9995
'Lin-WT_3-A'	0.9020	0.9092	0.9038	0.9000	0.9155	0.8924	0.9988	0.9995	1.0000
